$ANSIBLE_VAULT;1.1;AES256
36326534353262333230663866316662626661353436376237643561313161396434383865633733
3766653164353465323961663661666633616239643438660a613130306362636363323938383361
62376361343131326438393861633930386432653031363230316333613864613437656233353831
3133623734396362350a366461366537306339373632643066663034376636656139306266356236
66346265363636373736313030363838643437363237313939346530323131613636306133363335
31663635353536303834366338336630313562386431656565616265656636653863646366353237
35393632353663346439303362646538656466306135393765343233343864373737396539383431
38656239636635333339323261353565613462656234306331663563366563383365346261313765
34383332316166636464373635383231386532656339353231643961613237373964643066383539
39613930326463353664633862333364383432663839316235316339643263376232626138393665
61303032333364636538623938306235333865323737333132653534333037356239666532653738
66336564303961393232306631643635663566333261636532383334663739636164333762356431
64663731666161313765366637363466623332383763393535386466326363653635393933643838
3530306534313462343764386331333662323163613536353238
