$ANSIBLE_VAULT;1.1;AES256
38613734343863363634633130636434636139363037663730653539643766316636383862623665
3634303037346433316337616164353937653936653862650a313463663931636135303734353461
61646637343766393234663365613731383164363937616633643733386266623837396133306139
3031343431653164360a343139663866376163353261663036326336346565663732666663653136
39363231666461393335353064376162373430303931656463653239383661663265653434313134
64396635316261323638373836653030623661343331326264393365663331333638613532356137
36636331363566643562383766646230633234356666326665353731326530363566373266353662
35303335353863646630333535326162613538376264653032396633323231353231656437353463
30323265393930663161326533626232336131373638346233646331303735346565343438333230
37643264363961653762623561636137363936663139663636363064393664656638396264666461
37313561326532343431393938643539373430636534613534373237303735636130373164323561
66383637383666356162643464646264663132326466653838383830393736646162636262356163
38633165393832353964376631653264653332626162663663353834376266623233616630663931
61633134643462323336306134303463643930343130326339663338656131333362386439313031
33353566616330303664336636646233663166313538303738636566646266306639366432356631
38633933353837613866643061623962313234366134343665356261626265373861323531616232
66326161626330373530646464363536393065333332366363653061303934363539653832393562
37336439386164333366393930376663333335666631633466316431653961366165356436343462
33303134326234643565323033316662623331336234626266383137306130646537626266366661
64653165653734663761643436383730366238363866376662663963303231393665653333366130
62343134386130666430623663353839613630383064623265383830616539346363613138643535
31663963656665653432356635363634656663316362353966303730656461326565303739653334
61366539643832326264383964323034616131366331353066643237613536356332613032303134
31386362393131616664623365663966383131303465633536323136363364306563623038643664
34616365326335623062346335343538323462663539346435373636656332366635366238366632
35663063323933313763306232346338323265636463343636643137653565626332323932643830
30303363373337306138353664663262616332336539316439323632633733396563373764616437
35666163383535613765346539623765616163636236663432643230306537373832326333353033
65373730313237393965626532626138353930353664323734343939316365396134613461633266
34386363306332353363333465666662373864323565353535313031383434306562306262303763
62653538643266666639366165356339623032313732653534646139633865393162376336666638
31636665363830633532396461613938323334653361393764373433306534346464616263353865
61326439616136303361646365323466633735616434396563363166316164646663373831393166
37353334643832303535373363363939333738363963656230333666363234393639633665643632
33346534313238326334366332373833653662656166353334323739633336643265396132643933
37346530396464383864396237356233666133313830636536386566626337343734383739333764
63643462356439306137306266346237326637303062313964323762633635623766656430306233
33313931343734643137353330303036383666616634623565326563393363653932633033613265
61393631366535613763646233366563303732316635636365343965663963633830616335396432
33636234306566323737306535633162323732666565653934383436623531363230333332363933
33656337363564643532303132303866363961633663663030623039356365396336393666623661
39333735336132333037656165313532363834346366343765653537666338373335653237336338
61656637653862316236356563633666626337313663633563306234346563376632363965353165
34646264326563663065313066616561326363383534663734356636373338656533333932616435
33633536636135633133613964306639613030653135366430346565643266633833366534613239
39613037626238343838623136373732343938633638343661623939666437613734303836313161
63393036643939393130306163616236363131616162653537363034313832323732646361333465
39373864393663386234353132333038326461316666633937386539343964613434666463323634
63643463396562383364663434623866306263363234346333336336343137343363396133663561
32653434613536636664323561666264653764383061366534636432346232376432383261636231
35633235613539666332666635313938326232333662663837303535623136623635386436393362
30323634643834643731636466663066643163383664643437633939653838666638643832663665
63656135383961303332376662343330326431653362363434656631623163383265343431643339
30353138356533643436366530646463366338383563613962383762383831366438313062333936
61363665373239326435636137653431643833373832363031386337396130643836373237333763
39393830376336666330316531623764343232626566336134626134363235366464646265373831
32373763363330653061663864353862346331346634653763326262363234353338623333323334
63336366376434636336656432383561666533366333373030613337353833663762623936613436
31303461373964643162663030396330393963643964643530313839663130386365383137333938
38353736626534623965613234643964333739633765656234396632646263643961643161366666
63393437393235666239386131336433633732366566336436343335363766313035336432666261
35663339303265333430393463336463653261313736333830626537343738366466623630343163
38666365623733393464666461623663366566633530323639636466303132646637313834313530
66653934363337336337343264636333383637326436313238303061323165646130626230333132
38323737653930646530363362323938353166653862383830626435636537643234376135343763
33383165636663656437666236663438633536313861633963313233663963643961373439383161
65653332323161653064376132323563663239326434383361643861333634303033386335313136
38383434353431316137636163306333333266643735323365326630363032393966383635646364
65643730633066343364373331353237333537663262653331346663663031346131353463383930
66386262346233313631646163653134323562393561613734346439306131356266316135393366
62636534303538646139376132613564306162356563663465666665346137353335323138613435
34333865633562353463616139623230613366646566343931373661663737346435646133386461
31373462653939303932663536383964383131663765646232623066396636633866343166633862
61396462656631393864623831316263613030393639376162636633643166393034373132373064
35316335636463623931326565663031323333303335373163653937366334353862313765313335
66613032656333656363363733306137623234613331626434333661666466363038366234313861
66643839376138373562616333386165623534326137303338303963383430323734326361353338
36326238666231393363366137316537323164653831613532306638636133343733386266623336
37303664313165653164323032383730393262653339626139616432643465383630356464653663
39663035663033306337303262363430663763623862316431316264653139373537323066333137
6261
